0 0.506055 0.533626 0.117195 0.148681
0 0.263247 0.963479 0.033005 0.061147
0 0.454867 0.834523 0.175120 0.268702
0 0.360909 0.786621 0.081501 0.177459
0 0.314097 0.782424 0.072739 0.121099
0 0.287494 0.737459 0.212164 0.342926
0 0.539394 0.723671 0.078804 0.154677
0 0.436682 0.679907 0.162994 0.172658
0 0.591931 0.450889 0.059942 0.076738
0 0.589236 0.583984 0.088233 0.247005
0 0.575766 0.839976 0.031655 0.068345
0 0.643792 0.781827 0.023573 0.028777
0 0.614495 0.896933 0.029637 0.076738
0 0.741119 0.626549 0.040409 0.061147
