0 0.231870 0.971813 0.040840 0.040769
0 0.183120 0.940037 0.029648 0.037172
0 0.019456 0.783560 0.038911 0.129495
0 0.053257 0.662458 0.105566 0.163070
0 0.106003 0.594714 0.046431 0.041971
0 0.528762 0.684641 0.075200 0.087524
0 0.241501 0.740399 0.224565 0.220623
0 0.438096 0.835121 0.048750 0.062344
0 0.643442 0.969121 0.125547 0.061758
0 0.371365 0.693037 0.311675 0.250601
0 0.191152 0.590516 0.136660 0.151084
0 0.367727 0.561740 0.047231 0.074337
0 0.430903 0.573729 0.072725 0.129495
0 0.159187 0.916055 0.037563 0.034777
